[profile]
serial_name = /dev/ttyUSB0
baud_rate = 115200
camera_id = /dev/video1
board = BT ATmega328
invert_motor = False
luminosity = Low
brightness_control = 128
contrast_control = 32
saturation_control = 32
exposure_control = 32
framerate_control = 15
resolution_control = 1280x960
use_distortion_control = False
step_degrees_control = -0.45
feed_rate_control = 200
acceleration_control = 200
brightness_calibration = 100
contrast_calibration = 32
saturation_calibration = 100
exposure_calibration = 32
framerate_calibration = 30
resolution_calibration = 1280x960
use_distortion_calibration = False
scan_type = Texture Scan
use_laser = Both
fast_scan = False
step_degrees_scanning = -1.8
feed_rate_scanning = 200
acceleration_scanning = 300
brightness_scanning = 53
contrast_scanning = 22
saturation_scanning = 35
laser_exposure_scanning = 6
color_exposure_scanning = 24
framerate_scanning = 30
resolution_scanning = 1280x960
use_distortion_scanning = False
img_type = Line
use_open = True
open_value = 2
use_threshold = True
threshold_value = 20
use_cr_threshold = True
cr_threshold_value = 135
view_roi = True
roi_diameter = 60
roi_height = 75
point_cloud_color = AAAAAA
adjust_laser = False
camera_matrix = [[1.41208800e+03,0.00000000e+00,4.79462000e+02],[0.00000000e+00,1.41133100e+03,6.73338000e+02],[0.00000000e+00,0.00000000e+00,1.00000000e+00]]
distortion_vector = [-5.81000000e-02,7.35100000e-01,-1.00000000e-03,-2.80000000e-03,-2.77250000e+00]
laser_threshold_value = 120.0
distance_left = 158.075804
normal_left = [-0.861056,-0.061158,0.50482]
distance_right = 174.585505
normal_right = [0.840611,0.025676,0.541031]
rotation_matrix = [[0.00000000e+00,9.99379000e-01,3.52490000e-02],[-1.18780000e-02,3.52460000e-02,-9.99308000e-01],[-9.99929000e-01,-4.19000000e-04,1.18700000e-02]]
translation_vector = [0.3718,96.9515,319.6904]
pattern_rows = 6
pattern_columns = 11
square_width = 13
pattern_distance = 39.6
laser_coordinates = [[480.0, 480.0], [480.0, 480.0]]
laser_origin = [0.0, 0.0, 0.0]
laser_normal = [0.0, 0.0, 0.0]

